[0.0001, 0.01, 0.001, 0.0001, 0.01, 0.001, 0.396875, 568.76, 6.35, 0.5825, 2162.38, 9.32, 0.700625, 4000.02, 11.21, 0.835, 7066.34, 13.36, 0.92625, 12061.3, 14.82, 0.99875, 16664.68, 15.98, 1.0, 19752.69, 16.0, 1.0, 19760.0, 16.0],
[0.0001, 0.05, 0.0001, 0.0001, 0.05, 0.0001, 0.273125, 671.17, 4.37, 0.5, 2435.57, 8.0, 0.585625, 4490.76, 9.37, 0.71125, 7821.56, 11.38, 0.86625, 12398.52, 13.86, 0.9675, 16922.88, 15.48, 1.0, 19752.59, 16.0, 1.0, 19760.0, 16.0],
[0.0001, 0.05, 0.001, 0.0001, 0.05, 0.001, 0.404375, 606.53, 6.47, 0.650625, 2277.74, 10.41, 0.754375, 4200.49, 12.07, 0.878125, 7374.56, 14.05, 0.955625, 12147.1, 15.29, 0.996875, 16737.42, 15.95, 1.0, 19753.59, 16.0, 1.0, 19760.0, 16.0],
[0.0001, 0.1, 0.0001, 0.0001, 0.1, 0.0001, 0.224375, 706.68, 3.59, 0.450625, 2498.7, 7.21, 0.535625, 4610.4, 8.57, 0.668125, 7976.99, 10.69, 0.834375, 12495.92, 13.35, 0.968125, 16981.32, 15.49, 1.0, 19753.46, 16.0, 1.0, 19760.0, 16.0],
[0.0001, 0.1, 0.001, 0.0001, 0.1, 0.001, 0.303125, 599.93, 4.85, 0.625625, 2272.05, 10.01, 0.744375, 4213.4, 11.91, 0.86, 7417.66, 13.76, 0.96, 12190.97, 15.36, 0.999375, 16749.85, 15.99, 1.0, 19754.27, 16.0, 1.0, 19760.0, 16.0],
[0.0001, 0.5, 0.0001, 0.0001, 0.5, 0.0001, 0.1725, 860.84, 2.76, 0.449375, 2827.88, 7.19, 0.580625, 5053.46, 9.29, 0.661875, 8525.44, 10.59, 0.820625, 12943.37, 13.13, 0.97125, 17245.0, 15.54, 1.0, 19754.66, 16.0, 1.0, 19760.0, 16.0],
[0.0001, 0.5, 0.001, 0.0001, 0.5, 0.001, 0.2825, 669.69, 4.52, 0.51375, 2430.45, 8.22, 0.596875, 4479.5, 9.55, 0.714375, 7810.3, 11.43, 0.868125, 12395.44, 13.89, 0.96625, 16925.97, 15.46, 1.0, 19752.24, 16.0, 1.0, 19760.0, 16.0],
[0.0001, 1, 0.0001, 0.0001, 1.0, 0.0001, 0.183125, 882.29, 2.93, 0.450625, 2880.93, 7.21, 0.589375, 5127.66, 9.43, 0.67, 8599.0, 10.72, 0.810625, 13016.1, 12.97, 0.961875, 17285.34, 15.39, 1.0, 19754.75, 16.0, 1.0, 19760.0, 16.0],
[0.0001, 1, 0.001, 0.0001, 1.0, 0.001, 0.224375, 720.05, 3.59, 0.449375, 2523.32, 7.19, 0.54375, 4637.5, 8.7, 0.67, 8019.44, 10.72, 0.848125, 12516.64, 13.57, 0.970625, 17002.53, 15.53, 1.0, 19753.64, 16.0, 1.0, 19760.0, 16.0],
[0.001, 0.01, 0.0001, 0.001, 0.01, 0.0001, 0.296875, 599.51, 4.75, 0.630625, 2279.06, 10.09, 0.755625, 4234.54, 12.09, 0.859375, 7421.53, 13.75, 0.953125, 12191.27, 15.25, 0.998125, 16740.33, 15.97, 1.0, 19753.18, 16.0, 1.0, 19760.0, 16.0],
[0.001, 0.01, 0.001, 0.001, 0.01, 0.001, 0.3925, 575.03, 6.28, 0.584375, 2175.97, 9.35, 0.70125, 4007.92, 11.22, 0.84375, 7084.79, 13.5, 0.9275, 12061.39, 14.84, 0.999375, 16664.04, 15.99, 1.0, 19753.05, 16.0, 1.0, 19760.0, 16.0],
[0.001, 0.05, 0.0001, 0.001, 0.05, 0.0001, 0.275625, 665.79, 4.41, 0.5125, 2416.63, 8.2, 0.609375, 4470.4, 9.75, 0.738125, 7795.43, 11.81, 0.885, 12378.13, 14.16, 0.966875, 16910.73, 15.47, 1.0, 19752.68, 16.0, 1.0, 19760.0, 16.0],
[0.001, 0.05, 0.001, 0.001, 0.05, 0.001, 0.416875, 609.5, 6.67, 0.65125, 2281.32, 10.42, 0.75875, 4211.73, 12.14, 0.879375, 7379.24, 14.07, 0.955625, 12153.04, 15.29, 0.996875, 16736.46, 15.95, 1.0, 19753.56, 16.0, 1.0, 19760.0, 16.0],
[0.001, 0.1, 0.0001, 0.001, 0.1, 0.0001, 0.205625, 731.62, 3.29, 0.4225, 2546.47, 6.76, 0.524375, 4678.06, 8.39, 0.645, 8062.12, 10.32, 0.84875, 12561.52, 13.58, 0.975, 17033.49, 15.6, 1.0, 19753.13, 16.0, 1.0, 19760.0, 16.0],
[0.001, 0.1, 0.001, 0.001, 0.1, 0.001, 0.32375, 596.58, 5.18, 0.6425, 2272.01, 10.28, 0.75125, 4214.44, 12.02, 0.869375, 7405.0, 13.91, 0.956875, 12172.61, 15.31, 0.99875, 16744.23, 15.98, 1.0, 19753.69, 16.0, 1.0, 19760.0, 16.0],
[0.001, 0.5, 0.0001, 0.001, 0.5, 0.0001, 0.181875, 866.95, 2.91, 0.445, 2837.32, 7.12, 0.578125, 5066.5, 9.25, 0.66, 8533.83, 10.56, 0.820625, 12950.39, 13.13, 0.97125, 17253.36, 15.54, 1.0, 19754.41, 16.0, 1.0, 19760.0, 16.0],
[0.001, 0.5, 0.001, 0.001, 0.5, 0.001, 0.273125, 671.33, 4.37, 0.5, 2435.79, 8.0, 0.585625, 4490.99, 9.37, 0.71125, 7821.68, 11.38, 0.86625, 12398.62, 13.86, 0.9675, 16922.85, 15.48, 1.0, 19752.59, 16.0, 1.0, 19760.0, 16.0],
[0.001, 1, 0.0001, 0.001, 1.0, 0.0001, 0.181875, 886.5, 2.91, 0.450625, 2886.2, 7.21, 0.589375, 5130.7, 9.43, 0.670625, 8604.16, 10.73, 0.810625, 13016.9, 12.97, 0.961875, 17282.71, 15.39, 1.0, 19754.7, 16.0, 1.0, 19760.0, 16.0],
[0.001, 1, 0.001, 0.001, 1.0, 0.001, 0.224375, 706.9, 3.59, 0.450625, 2499.14, 7.21, 0.535625, 4610.04, 8.57, 0.668125, 7975.78, 10.69, 0.834375, 12496.45, 13.35, 0.968125, 16981.43, 15.49, 1.0, 19753.47, 16.0, 1.0, 19760.0, 16.0],
[0.01, 0.01, 0.0001, 0.01, 0.01, 0.0001, 0.223125, 551.61, 3.57, 0.5175, 2061.26, 8.28, 0.656875, 3816.09, 10.51, 0.776875, 6778.88, 12.43, 0.913125, 11612.49, 14.61, 0.985625, 16631.74, 15.77, 1.0, 19750.91, 16.0, 1.0, 19760.0, 16.0],
[0.01, 0.01, 0.001, 0.01, 0.01, 0.001, 0.270625, 366.98, 4.33, 0.46, 1465.0, 7.36, 0.60625, 2779.34, 9.7, 0.760625, 5311.75, 12.17, 0.913125, 10070.97, 14.61, 0.99875, 15418.78, 15.98, 1.0, 19745.14, 16.0, 1.0, 19760.0, 16.0],
[0.01, 0.05, 0.0001, 0.01, 0.05, 0.0001, 0.21625, 745.38, 3.46, 0.4475, 2582.69, 7.16, 0.57625, 4708.39, 9.22, 0.699375, 8071.62, 11.19, 0.8625, 12596.83, 13.8, 0.969375, 17038.65, 15.51, 1.0, 19753.47, 16.0, 1.0, 19760.0, 16.0],
[0.01, 0.05, 0.001, 0.01, 0.05, 0.001, 0.318125, 579.06, 5.09, 0.57625, 2199.8, 9.22, 0.72625, 4112.13, 11.62, 0.8525, 7230.82, 13.64, 0.96125, 12192.73, 15.38, 0.99875, 16768.95, 15.98, 1.0, 19753.16, 16.0, 1.0, 19760.0, 16.0],
[0.01, 0.1, 0.0001, 0.01, 0.1, 0.0001, 0.170625, 795.91, 2.73, 0.441875, 2704.0, 7.07, 0.578125, 4865.12, 9.25, 0.656875, 8302.16, 10.51, 0.84625, 12787.11, 13.54, 0.969375, 17163.98, 15.51, 1.0, 19753.93, 16.0, 1.0, 19760.0, 16.0],
[0.01, 0.1, 0.001, 0.01, 0.1, 0.001, 0.29375, 599.75, 4.7, 0.63, 2277.52, 10.08, 0.754375, 4233.93, 12.07, 0.858125, 7418.8, 13.73, 0.9525, 12190.1, 15.24, 0.998125, 16743.09, 15.97, 1.0, 19753.23, 16.0, 1.0, 19760.0, 16.0],
[0.01, 0.5, 0.001, 0.01, 0.5, 0.001, 0.275625, 665.77, 4.41, 0.5125, 2416.67, 8.2, 0.609375, 4470.45, 9.75, 0.738125, 7795.69, 11.81, 0.885, 12378.4, 14.16, 0.966875, 16910.85, 15.47, 1.0, 19752.69, 16.0, 1.0, 19760.0, 16.0],
[0.01, 1, 0.0001, 0.01, 1.0, 0.0001, 0.1925, 889.49, 3.08, 0.458125, 2897.58, 7.33, 0.589375, 5140.4, 9.43, 0.66875, 8617.68, 10.7, 0.810625, 13032.32, 12.97, 0.9625, 17291.52, 15.4, 1.0, 19754.59, 16.0, 1.0, 19760.0, 16.0],
[0.01, 1, 0.001, 0.01, 1.0, 0.001, 0.20375, 727.63, 3.26, 0.42, 2538.93, 6.72, 0.523125, 4668.01, 8.37, 0.645, 8049.41, 10.32, 0.849375, 12550.02, 13.59, 0.975, 17029.31, 15.6, 1.0, 19753.07, 16.0, 1.0, 19760.0, 16.0],
[0.05, 0.05, 0.0001, 0.05, 0.05, 0.0001, 0.27, 751.48, 4.32, 0.5, 2528.24, 8.0, 0.626875, 4465.44, 10.03, 0.745625, 7616.34, 11.93, 0.88625, 12491.47, 14.18, 0.97375, 17034.95, 15.58, 1.0, 19754.09, 16.0, 1.0, 19760.0, 16.0],
[0.05, 0.05, 0.001, 0.05, 0.05, 0.001, 0.3625, 552.33, 5.8, 0.60625, 2002.85, 9.7, 0.75125, 3727.03, 12.02, 0.86375, 6645.69, 13.82, 0.946875, 11401.67, 15.15, 0.99875, 16371.01, 15.98, 1.0, 19751.84, 16.0, 1.0, 19760.0, 16.0],
[0.05, 0.1, 0.0001, 0.05, 0.1, 0.0001, 0.17625, 869.06, 2.82, 0.416875, 2844.06, 6.67, 0.545625, 5007.05, 8.73, 0.656875, 8409.85, 10.51, 0.8475, 12864.8, 13.56, 0.976875, 17166.02, 15.63, 1.0, 19754.88, 16.0, 1.0, 19760.0, 16.0],
[0.05, 0.1, 0.001, 0.05, 0.1, 0.001, 0.29125, 599.89, 4.66, 0.55125, 2231.14, 8.82, 0.700625, 4149.01, 11.21, 0.824375, 7260.55, 13.19, 0.939375, 12200.79, 15.03, 0.99375, 16787.93, 15.9, 1.0, 19752.64, 16.0, 1.0, 19760.0, 16.0],
[0.05, 0.5, 0.0001, 0.05, 0.5, 0.0001, 0.17625, 909.67, 2.82, 0.443125, 2946.08, 7.09, 0.57, 5189.4, 9.12, 0.661875, 8665.54, 10.59, 0.82875, 13046.7, 13.26, 0.970625, 17301.77, 15.53, 1.0, 19754.67, 16.0, 1.0, 19760.0, 16.0],
[0.05, 0.5, 0.001, 0.05, 0.5, 0.001, 0.2175, 730.04, 3.48, 0.43375, 2562.22, 6.94, 0.555, 4695.75, 8.88, 0.673125, 8067.57, 10.77, 0.85375, 12588.37, 13.66, 0.966875, 17032.56, 15.47, 1.0, 19752.92, 16.0, 1.0, 19760.0, 16.0],
[0.05, 1, 0.0001, 0.05, 1.0, 0.0001, 0.176875, 918.26, 2.83, 0.436875, 2950.47, 6.99, 0.574375, 5206.26, 9.19, 0.663125, 8686.16, 10.61, 0.80375, 13074.52, 12.86, 0.958125, 17310.04, 15.33, 1.0, 19754.88, 16.0, 1.0, 19760.0, 16.0],
[0.05, 1, 0.001, 0.05, 1.0, 0.001, 0.2075, 752.65, 3.32, 0.446875, 2590.23, 7.15, 0.5625, 4732.27, 9.0, 0.68375, 8132.08, 10.94, 0.853125, 12633.09, 13.65, 0.965, 17068.81, 15.44, 1.0, 19753.07, 16.0, 1.0, 19760.0, 16.0]
